37
-52
-17
31
-20
1
34
10
1
37
-34
59
-5
6
52
35
-27
-14
2
-65
31
-9
3
-19
-83
2
-16
-4
1
17
5
-24
-3
6
-11
31
-9
9
-5
-39
3
20
56
-3
19
-5
17
-6
-16
29
-1
1
-26
35
6
-22
-38
-3
28
-23
14
-5
11
20
10
-50
16
-7
16
40
5
-15
-10
-5
13
2
50
-16
30
-14
44
35
13
-43
-31
-37
-47
17
17
-6
-14
8
36
-20
23
-43
23
-32
20
11
1
-37
-11
10
-9
2
56
-51
-34
28
18
33
-11
-3
13
-43
38
17
-68
1
2
-8
-13
9
3
-23
31
18
-16
8
-74
-9
-3
-45
40
35
21
-4
-13
4
35
16
31
39
-30
71
22
-8
30
55
-15
16
7
3
51
11
-1
-17
31
9
3
-12
39
7
7
38
19
-9
17
12
-23
24
-42
2
2
6
-22
39
-10
8
2
-10
-24
24
17
-1
44
6
-26
31
14
-6
47
-128
-39
105
-12
-117
38
-27
-13
51
-48
108
24
-64
124
73
-29
-32
6
-125
64
127
-56
-82
-117
127
-21
-39
-25
-87
7
127
15
21
-47
39
26
127
-128
-128
42
127
127
5
76
-52
127
27
-44
45
-2
-62
-46
65
53
-47
-111
-29
35
-7
121
-54
-4
86
8
-107
127
2
63
-120
36
-87
-15
3
74
56
107
-36
76
-12
20
61
-128
-74
-37
-105
-128
51
-24
-57
21
5
127
-61
27
-78
85
-75
26
-88
33
-98
87
-4
32
39
113
-87
-128
30
64
54
127
-1
125
-96
63
50
-128
-11
12
-1
-23
29
-17
-52
127
40
-3
-19
-128
14
-34
-97
126
37
36
26
-72
5
96
127
9
127
-21
127
40
-57
97
55
-116
-12
43
-12
-93
50
-7
7
37
4
-128
-50
41
29
127
-128
13
-30
27
-29
-9
99
-106
126
38
16
-52
58
-45
127
-43
-60
-7
60
-128
-22
127
-6
-128
68
6
-41
31
-83
27
16
33
-116
62
17
-46
13
-71
53
17
-128
127
63
-81
19
-1
-110
21
121
-18
20
-128
48
-2
-16
27
-79
23
120
-46
-72
-15
101
-23
107
-75
-103
28
116
86
-9
26
6
127
-41
-8
59
35
-40
15
69
14
32
-20
-35
64
-44
127
24
53
37
-33
-76
104
-55
-34
-121
4
23
58
-29
0
-24
127
43
-7
-15
-64
56
-128
10
-53
-100
-86
1
24
7
-5
-33
46
-49
61
-64
16
-76
19
-128
-22
-21
21
28
2
-32
68
-85
-83
42
25
90
109
-30
127
-83
82
-18
-82
-75
-23
-10
-43
-28
-18
-59
121
-4
-62
39
-94
11
54
-29
53
-40
17
-32
9
34
76
94
28
78
-61
88
-45
-3
-5
80
-128
-43
-46
-61
-128
27
49
-51
-24
44
-113
-21
-2
-3
95
-128
70
-33
77
-87
19
67
-17
125
10
-16
39
58
23
75
-99
7
-60
-32
-128
33
82
49
-16
86
-18
-41
26
-100
19
59
12
-123
43
16
-28
29
-63
59
23
-120
127
73
-71
15
12
-104
55
118
-35
9
-95
59
-40
-58
13
-77
11
127
-27
-62
-11
70
-10
103
-83
-123
19
127
103
-12
44
-18
127
-16
11
27
36
-50
-3
66
7
7
-24
-27
57
-33
127
16
19
26
-26
-95
118
-16
-32
-109
-12
-29
45
-17
11
-18
111
38
7
11
-26
74
-127
-1
-61
-122
-64
5
16
9
-30
-39
125
-50
39
-93
16
-65
49
-102
-18
-14
15
30
-14
-41
66
-96
-65
40
46
84
111
-22
127
-76
113
-13
-97
-83
-26
-37
-33
-15
0
-97
86
-8
-69
34
-99
28
34
-77
64
-42
21
-28
58
35
75
127
35
127
-49
91
-31
-25
1
82
-128
-51
-35
-1
-128
66
-9
-46
-18
33
-128
-35
16
5
82
-128
37
-29
116
-47
7
108
-41
127
-4
-15
35
69
26
109
-106
-22
-43
6
-128
-2
82
41
-24
84
-14
-55
45
-128
-53
78
-12
-128
72
-26
-32
52
-37
97
13
-120
127
47
-49
-22
-4
-117
79
127
-47
-71
-128
125
-23
-32
-25
-99
-13
127
5
0
-21
57
24
127
-128
-128
10
127
127
12
82
-37
127
15
-50
21
15
-22
-22
53
53
-54
-88
-23
35
-23
127
-46
4
87
24
-109
127
5
75
-128
31
-50
-8
4
69
53
127
-35
38
-8
26
85
-128
-66
-42
-120
-128
75
-14
-44
34
7
127
-54
42
-35
76
-103
35
-101
34
-89
84
-6
48
43
83
-98
-128
41
51
60
127
3
127
-128
73
58
-128
-23
31
-4
-3
21
-13
-48
127
53
-22
-15
-128
-7
-25
-95
118
41
34
30
-52
-7
87
127
-7
127
-29
127
41
-54
95
101
-121
-39
33
-11
-72
30
-6
8
41
-13
-117
-32
31
46
126
-128
42
-11
46
-36
28
114
-91
119
47
21
-77
56
-30
127
-41
-27
-22
52
-128
2
127
-18
-117
62
2
-30
50
-128
-64
41
-22
-128
91
32
-52
79
-29
112
-25
-128
127
43
-33
-21
2
-128
42
127
-54
-92
-128
106
-65
-36
-23
-123
6
127
18
-52
-23
79
-12
127
-128
-128
-19
127
127
26
96
10
116
19
-41
43
-6
-21
-29
106
30
-18
-84
-34
51
-58
82
-27
10
88
-3
-128
127
-42
84
-110
17
-1
27
-15
26
9
111
1
30
-8
7
127
-110
-50
-99
-85
-128
34
13
-10
6
-16
92
-64
69
-103
34
-65
36
-128
31
-91
35
5
40
-12
115
-128
-128
-3
60
101
127
-14
127
-80
63
39
-128
-18
-15
-30
-19
-29
-33
-48
127
14
-23
18
-128
30
10
-92
111
18
22
14
-13
24
41
127
27
127
-62
127
4
9
34
93
-72
-30
-23
18
-119
38
7
-23
45
28
-97
-62
44
36
127
-113
37
3
78
-33
-10
127
-51
108
-6
15
-13
41
-38
127
-68
-17
-67
38
-128
-23
127
5
-69
108
-26
-21
14
119
3
33
-119
-128
87
127
-62
127
26
44
-20
-128
127
2
127
-101
-84
25
-128
127
-128
116
7
127
100
-121
-86
-46
-93
80
85
-89
-77
95
82
36
16
-110
-80
127
96
38
-17
11
86
77
-63
-128
-50
1
121
-48
-128
-25
-15
42
-102
-96
-121
-109
-55
6
124
17
102
-47
16
-124
-128
104
127
105
7
14
-127
4
-63
24
-128
78
-89
-45
-83
18
-68
-26
-112
-81
65
35
-128
-36
-66
-113
32
127
-128
-128
-8
69
79
-70
-122
83
59
-106
33
-47
16
36
83
-34
127
-87
1
98
-5
60
31
119
97
-128
-15
-15
-53
66
-128
-117
104
88
-128
6
62
-15
-63
90
-102
41
-8
1
-9
50
11
-79
-89
-93
-1
-128
97
-95
-128
65
-93
-83
84
-1
48
47
-99
55
43
-81
119
-34
127
67
-18
-109
7
-11
86
-49
127
127
26
-85
41
127
-123
6
-128
-31
21
-82
127
-46
62
76
-128
86
49
-84
-110
51
-63
-128
-88
63
-3
19
127
-128
79
-61
125
-20
62
-32
-72
69
-128
-41
-84
102
62
127
127
107
49
-86
-128
96
44
-42
-112
85
127
-120
45
6
-8
-102
-63
106
-128
0
55
79
-60
-128
-61
8
91
-30
-78
-128
17
127
-128
60
-105
-128
-128
-78
66
127
-38
55
-95
-128
-65
71
10
127
-103
86
-77
-128
-128
117
-77
-10
-55
78
-21
-85
-64
51
-128
-123
74
119
49
72
-116
119
124
60
-128
-128
47
49
62
-128
108
127
-128
121
-128
39
-4
-128
127
-69
122
-75
6
81
-37
126
65
121
57
-101
-78
-100
14
123
-128
-108
107
106
-128
78
127
-78
-44
57
-119
-91
32
113
-128
127
-26
-111
-54
-128
99
-128
-52
-113
36
86
-58
-76
39
127
87
-102
-81
127
-38
-100
127
-63
127
20
-128
-125
60
127
-62
32
127
52
22
-104
-25
127
-76
47
-113
39
-109
16
103
-128
-9
-128
115
94
31
-117
-57
1
-6
-128
89
-11
-53
67
-50
111
-27
-112
127
58
-49
-14
5
-128
26
127
-46
-66
-128
89
-22
-44
-14
-115
13
127
-28
-47
-12
69
-25
127
-111
-128
-45
127
127
5
81
-8
127
6
-42
34
17
-9
-51
69
39
4
-64
-42
35
-11
127
2
20
81
-7
-123
127
-29
54
-120
23
31
58
-11
6
-14
127
-2
38
25
-14
94
-124
-46
-96
-100
-128
28
-22
-3
-7
-15
70
-34
62
-99
17
-91
57
-106
8
-70
27
14
15
-13
107
-107
-105
31
37
85
123
-13
127
-87
85
6
-128
-37
-31
-2
-24
-18
-6
-58
127
-14
-19
28
-128
9
18
-96
82
-17
4
-8
-5
42
28
127
11
115
-39
110
12
17
-5
127
-128
-29
-27
-5
-93
67
1
-39
54
25
-86
-41
54
27
110
-116
43
17
71
-80
16
95
-63
127
2
40
-19
42
2
127
-128
-6
-38
40
-128
-7
126
58
-77
113
-4
-17
34
-128
-11
127
2
-128
61
-8
-19
22
-81
93
29
-128
127
88
-59
29
31
-89
65
125
-38
-34
-128
64
-6
-72
24
-98
22
127
-52
-12
-51
58
-19
116
-128
-128
24
119
127
-9
38
-23
127
-21
-6
47
17
-48
-56
81
53
-4
-36
-77
76
-4
127
8
38
87
-20
-94
127
8
29
-128
43
-36
-1
-35
19
11
127
20
55
-34
-31
51
-128
-42
-49
-103
-92
12
44
-35
7
-46
127
-30
30
-65
53
-78
56
-115
-14
-54
28
38
12
-7
107
-110
-78
76
52
74
127
-25
116
-96
108
18
-108
-73
-30
-15
-36
-19
19
-46
127
-3
-25
21
-128
3
26
-77
73
2
46
-30
-32
41
107
109
20
127
-38
124
-24
-21
35
116
-128
-9
24
-20
-107
37
2
-29
16
19
-128
-33
46
6
122
-128
32
-57
77
-49
-2
113
-85
112
5
6
-4
88
5
116
-52
-49
-67
24
-112
44
121
46
-68
90
-11
-50
-13
-83
94
70
27
-128
-3
13
-40
5
-128
75
43
-128
127
63
-37
66
119
-72
102
127
30
-6
-125
-5
3
4
34
-79
67
127
-93
-73
-32
82
-122
96
-127
-110
-18
57
85
-76
74
-43
127
-118
11
79
-35
-91
-40
74
-8
127
70
-128
127
10
127
97
102
22
-66
-56
96
-56
-15
-89
39
-50
76
-1
38
-46
127
78
74
-77
-109
11
-98
51
-106
-109
-33
-60
111
16
-120
-36
49
17
68
-75
-30
8
127
-78
-70
-60
-37
95
5
-103
87
-116
-69
120
49
123
46
-52
127
-25
127
-84
-27
-128
-2
-128
-95
-5
35
-128
125
-79
-92
127
-91
-66
67
-108
-38
-42
29
-123
127
125
48
72
64
61
-34
42
-30
28
-50
55
-128
-50
-57
-50
-128
105
30
-35
-78
61
-97
-101
59
-47
107
-128
49
-45
127
-55
20
26
27
127
-39
-41
8
101
99
20
-91
-3
-96
-49
-128
10
55
53
50
112
-72
-79
49
114
103
127
14
92
71
-97
77
-43
-122
61
41
-103
53
127
11
124
-41
-74
58
13
-2
49
-128
-82
109
-128
127
36
14
127
-6
50
-98
-55
-128
-95
-108
16
127
38
127
-25
127
-128
127
-35
88
127
-86
-47
-25
55
-23
127
-46
-128
127
-43
105
42
127
115
-128
-81
127
38
105
-85
-90
25
-63
-21
9
-67
127
-33
78
-128
-128
54
-102
-128
48
-94
48
-82
124
-43
17
-88
104
44
61
-13
-13
70
127
-58
-68
-64
77
127
-128
-13
103
5
66
-25
127
-91
110
113
-128
127
-35
41
90
-95
-127
69
-25
-71
127
-11
127
-81
-74
109
-46
-128
-27
109
-57
69
127
-128
-127
127
127
84
-16
127
14
11
-62
-7
-36
127
-54
116
79
-128
-128
-38
116
-128
-49
26
-90
-94
10
117
127
-128
43
-79
-54
-31
-128
-72
-126
74
-86
-107
62
127
103
-128
-125
-41
74
-119
-36
-51
-32
127
82
-10
127
-71
41
-109
2
72
13
-128
24
-12
-56
-11
-68
46
46
-128
127
49
-49
12
16
-93
51
94
-84
-14
-111
83
10
-42
22
-29
14
127
-42
-57
-33
70
26
104
-128
-103
49
127
52
-23
20
-10
127
-16
12
42
1
-69
-11
38
16
-11
-32
-38
58
13
127
-25
1
31
9
-64
89
-9
10
-126
13
-31
28
5
27
19
85
28
9
-36
-58
28
-128
17
-50
-76
-53
4
84
-14
-6
-38
76
-57
30
-109
13
-128
23
-71
-3
-38
41
-30
52
-16
53
-60
-63
69
27
59
121
-21
127
-83
114
-6
-72
-57
-4
-33
-46
-1
-7
-67
101
34
-55
36
-101
41
18
-57
67
-29
51
7
20
29
68
115
-5
94
-66
109
-8
-22
21
46
-128
-28
-26
-33
-128
43
-16
1
-7
24
-128
-2
6
-22
110
-128
20
-30
63
-9
43
40
-49
127
42
-22
46
62
42
111
-68
-3
-17
9
-128
24
108
21
-51
41
23
-33
65
-128
-63
93
-18
-128
49
-18
-42
44
-44
76
9
-128
127
63
-57
-29
-1
-128
41
115
-44
-81
-128
127
-41
-47
-16
-115
-5
127
-1
-2
-49
35
24
127
-128
-128
-12
127
127
23
59
-13
127
4
-44
19
15
-44
-27
81
59
-43
-97
-27
20
-2
120
-39
5
83
24
-112
127
-32
80
-128
47
-18
4
-13
72
38
96
-39
33
-9
22
71
-128
-58
-44
-102
-124
69
-15
-34
14
7
127
-65
53
-67
48
-82
23
-87
32
-85
86
-36
46
37
80
-78
-124
7
37
54
127
-21
127
-101
64
61
-128
-11
26
6
-19
-1
-22
-49
127
45
-29
-1
-128
0
-23
-108
127
45
33
18
-44
5
94
118
11
127
-22
127
34
-43
95
79
-122
-40
26
1
-119
42
2
9
53
-2
-128
-6
29
1
127
-128
31
-29
45
-35
31
127
-98
119
53
24
-59
43
-42
127
-39
-33
-19
56
-128
3
127
1
-116
63
-2
-15
-7
-128
-29
70
-41
-91
57
-96
6
100
-29
117
84
-128
78
24
87
-128
63
-1
-11
118
-122
19
-117
125
42
17
-90
-73
-17
76
41
-9
-128
-82
127
18
-103
-113
15
127
103
-59
-95
-59
122
92
-128
-23
3
-128
44
-62
84
-124
-51
127
-118
117
31
-44
-52
-128
66
-53
83
124
30
-117
99
-58
66
60
90
127
-112
-127
-3
127
83
-2
-103
-30
92
0
0
78
-128
-127
45
-30
127
-128
-112
6
127
74
-54
103
66
-5
127
-128
66
106
37
42
95
51
95
43
127
-89
126
-103
-101
92
-79
76
-89
-67
-57
104
85
127
64
25
1
-128
-5
127
-128
-88
127
31
-15
127
-128
-75
70
-87
-56
-2
-65
127
127
30
39
-91
-27
47
14
-113
-104
65
-122
46
43
-35
-128
127
-91
-38
96
-42
4
-109
-113
20
22
-86
-56
127
59
57
-4
-40
-11
127
113
-90
4
127
81
-76
106
-13
-128
-46
-49
4
68
-128
-24
46
-25
-105
94
62
-37
63
-49
127
-27
-128
72
58
-80
-11
-35
-128
39
127
-35
-79
-128
109
-57
-103
-16
-128
17
124
-10
-55
-31
126
-11
127
-128
-128
-26
125
127
8
102
-7
125
-27
-15
6
69
-4
-41
127
6
-15
-86
3
15
-52
116
17
9
89
2
-128
127
-18
8
-128
12
-6
49
-36
40
-9
93
-9
24
10
30
102
-128
-79
-90
-105
-128
45
36
32
-16
-16
112
-46
67
-53
28
-76
13
-128
-6
-73
41
17
-24
9
82
-112
-128
49
17
105
127
-24
123
-93
44
39
-128
-46
-33
14
-45
6
-14
-23
108
28
32
11
-128
5
73
-71
102
17
27
-4
-12
15
70
121
74
127
-26
102
0
19
9
68
-128
-31
-27
-26
-128
48
-5
-14
48
18
-77
-5
17
80
81
-121
36
-20
127
-80
-3
127
-75
114
-50
19
-30
38
-33
127
-108
-8
-55
48
-76
-21
124
30
-45
86
-34
-16
49
-128
-57
88
-30
-91
43
-18
-58
18
-43
100
4
-123
117
69
-28
-44
8
-119
57
115
-66
-80
-128
127
-18
-41
-37
-81
12
127
6
12
-42
2
40
127
-128
-128
23
127
127
1
65
-31
127
20
-43
49
23
-52
-44
42
62
-64
-108
-2
25
-6
123
-65
-8
101
8
-100
127
11
56
-128
44
-69
-27
24
83
65
99
-52
72
-17
15
76
-128
-65
-34
-122
-128
60
-24
-80
49
9
127
-79
40
-54
107
-80
3
-96
44
-84
100
-19
28
56
86
-84
-128
27
37
46
127
11
127
-115
55
71
-128
-9
10
8
-5
24
-8
-37
127
55
-4
-46
-128
-19
-43
-116
127
38
23
40
-55
-8
95
127
31
127
-3
127
52
-47
77
61
-128
2
47
-14
-93
33
-2
17
35
-20
-128
-10
33
18
127
-128
33
-33
20
-30
-9
112
-111
127
56
28
-80
67
-46
127
-30
-61
-16
54
-106
-18
127
-23
-128
36
4
-15
